Метрики модели LSTM:
MAE: 0.119254
MSE: 0.025383
RMSE: 0.159321
R2: -0.165030
