Метрики модели RNN:
MAE: 0.107993
MSE: 0.021766
RMSE: 0.147533
R2: 0.000991
