Метрики модели LightGBM:
MAE: 0.087142
MSE: 0.014287
RMSE: 0.119530
R2: 0.346607
