Метрики модели XGBoost:
MAE: 0.085850
MSE: 0.012371
RMSE: 0.111225
R2: 0.434249
