Метрики модели RandomForest:
MAE: 0.035922
MSE: 0.001878
RMSE: 0.043332
R2: 0.914129
